6857060192708165633
6857065467577516033
6857067004281978882
6857066074644561922
6857066361434505218
6857068119828054018
6857067033781256193
6857067693309968386
6857066972217425922
6857062251184242690
6857064159772819458
6857064032333201410
6857065314317516801
6857064051660734465
6857066361433571330
6857065623907663873
6857066972216246274
6857065973855092738
6857067693309935618
6857063635677347842
6857062457183404033
6857064159772147714
6857062683336065025
6857062251184635906
6857066074644054018
6857066987223433217
6857066987223826433
6857065467578155009
6857067004282126338
6857067693309952002
6857067004282798082
6857069209160024065
6857068608557137921
6857068119828676610
6857068608557154305
6857069233747148801
6857066987223842817
6856376469770436611
6857065623908139009
6857066987224006657
6857066361434554370
6857067033781239809
6857067033781370881
6857067790051295234
6857062251184259074
6857064032332316674
6857064051659603969
6857065467577008129
6857065623907041281
6857063635678068738
6857065623907500033
6857066972216262658
6857066987223400449
6857062251183865858
6857062091226316801
6857064032332677122
6857062683336163329
6857062791582810114
6857064159772884994
6857064051660472321
6857065623907106817
6857064067421667329
6857063635678085122
6857065467577499649
6857066361433784322
6857066972216590338
6857065973855453186
6857065973855436802
6857066972216672258
6857067790050967554
6857066972216967170
6857067693309902850
6857067790051442690
6857067806883184642
6857062251184390146
6857064159773196290
6857065623907483649
6857066074643922946
6857066074644414466
6857068119828168706
6857068119828185090
6857068410304839681
6857059522684862465
6857068410305167361
6857069209160515585
6857069233747099649
6857068119828611074
6857067790051868674
6857069234678513666
6857068410305495041
6857069233747542017
6857069209160499201
6857068119829118978
6857060192707985409
6857069234678300674
6857067806883905538
6857069234678595586
6857069084740698113
6857067004283027458
6857067806883479554
6857061208853086209
6857061360846307329
6857060192708247553
6857060192708329473
6857067790052081666
6857069084740567041
6857069233747574785
6857067806883577858
6857069234678284290
6857067790052048898
6857068119828971522
6857068608557809665
6857062683336114177
6857065467577286657
6857065973854699522
6857065314317533185
6857064067421945857
6857065314317893633
6857066074644103170
6857067004282404866
6857067693309853698
6857068608556744705
6857061364093386753
6857065314317828097
6857066074643906562
6857062683335163905
6857062791582334978
6857065314317500417
6857066361433194498
6857064032333479938
6857067004281798658
6857066987223580673
6857059522684829697
6857062091225038849
6857061232601284609
6857062251183194114
6857068410305363969
6857069234678464514
6857061232601972737
6857064032332726274
6857065467577401345
6857066987223351297
6857065623907581953
6857065467578073089
6857066074644430850
6857066361434390530
6857066972217049090
6857067806883020802
6857066361434750978
6857067033781649409
6857067693310197762
6857062791582613506
6857064067418128385
6857065973854502914
6857065467577122817
6857065973854535682
6857065623907123201
6857065314317746177
6857064051660800001
6857066361433587714
6857067033780453377
6857066972216475650
6857067033780666369
6857066987223891969
6857067806882791426
6857066074644971522
6857067004282617858
6802426951196000258
6857068608556761089
6857067790051409922
6857062457182945281
6857062457183240193
6857066987223482369
6857066987223515137
6857059522684780545
6857064051659718657
6857064032333463554
6857065623907827713
6857067033780256769
6857066361434062850
6857067004282830850
6857067033781518337
6857067806883201026
6857066972216639490
6857067693309345794
6857067033781075969
6857066972217163778
6857067004282601474
6857067790051508226
6857067004282912770
6857067806883266562
6857068608556957697
6857067693310115842
6857067806883315714
6857067790051770370
6857068608557678593
6857068608557694977
6857066972216360962
6857066361433767938
6857065467578056705
6857068119827955714
6857066972217720834
6857064032332382210
6857064159772131330
6857063635677528066
6857064067418161153
6857065623907205121
6857067033780535297
6857066972216606722
6857065623908024321
6857067806882676738
6857068410304675841
6857067004282847234
6857067806883250178
6857068608557252609
6857069084740354049
6857068410305445889
6857067790052179970
6857069233747525633
6857068410305101825
6857068119828955138
6857069234678480898
6857061208853118977
6857061360846438401
6857061232601546753
6857060192707690497
6857068410305052673
6857068608557318145
6857068410305331201
6857069234678317058
6857067790052229122
6857061360846454785
6857067033781125121
6857067790051180546
6857067004282650626
6857067806883053570
6857068410304610305
6857068608556908545
6857067790051606530
6857059705191448577
6857060192707723265
6857061232601300993
6857066361434636290
6857067806883004418
6857067806883348482
6857069209160417281
6857061360846422017
6857062457182208001
6857061208853250049
6857069084740190209
6857067693310443522
6857068410305200129
6857067790052032514
6857068119829020674
6857068410305560577
6857070010754482177
6857061360846290945
6857068119829037058
6857067806883921922
6857067693310754818
6857069233747083265
6857067693310476290
6857068608557776897
6857069209160646657
6857068410305396737
6857069209160318977
6857068608557514753
6857068410305527809
6857069234678431746
6857069233747394561
6857060785958633474
6857061232601497601
6857068608557203457
6857067790051819522
6857067693310394370
6857069084740419585
6857069234678497282
6857067693310787586
6857068410305544193
6857061208853266433
6857060785958666242
6857062091225300993
6857065973855879170
6857067033781157889
6857069233747492865
6857069209160450049
6857061232600989697
6857062791582236674
6857062457183649793
6857064051660144641
6857063635677888514
6857065314317844481
6857065467577565185
6857067033780224001
6857061364093435905
6857064051659735041
6857062683335884801
6857066361433309186
6857067693309280258
6857066074644512770
6802426951196000258
6857067004282716162
6857067790051360770
6857067693309919234
6857067790051377154
6857068119828365314
6857065973855289346
6857065467578138625
6857066074644480002
6857066972217147394
6857069209160007681
6857064067417849857
6857063635677511682
6857062091226349569
6857062683335966721
6857064051659964417
6857065467577024513
6857066074643890178
6857067004281585666
6857069209159991297
6857069209160073217
6857068119828725762
6857064051659472897
6857062251184226306
6857064032332660738
6857066074643447810
6857064032333348866
6857065467577483265
6857066972216705026
6857067790050983938
6857067790051000322
6857066987224612865
6857068410304937985
6857069234678169602
6857066074644627458
6857066987224530945
6857066987224563713
6857068410304659457
6857066987224629249
6857066987224842241
6857061364092272641
6857061364092813313
6857060192708214785
6857059522684846081
6857059580365144065
6857059812403724289
6857059812403838977
6857062457182339073
6857061360846274561
6857061232601432065
6857061360846520321
6857061360846635009
6857061208853168129
6857062091225366529
6857061360846569473
6857061232601055233
6857060192708050945
6857061364092731393
6857061360846372865
6857061232601448449
6857062457182044161
6857062251183177730
6857061364092796929
6857062251183259650
6857059705191563265
6857061364092649473
6857061360846258177
6857059812403757057
6857061208853184513
6857062457182109697
6857062251183292418
6857062251183243266
6857059812403871745
6857062251183325186
6857061232602103809
6857062791582171138
6857064067417915393
6857065467577040897
6857064067421700097
6857063635678134274
6857065623907794945
6857066987223629825
6857066987223793665
6857069084740272129
6857067790051901442
6857068119829004290
6857062251183489026
6857061360845979649
6857061208852758529
6857069084740714497
6857060192707805185
6857064051660390401
6857064051660865537
6857064159773310978
6857067004281651202
6857065973855125506
6857062091225677825
6857064159772180482
6857065314316828673
6857065467576647681
6857065973854912514
6857065314318057473
6857064159772016642
6857064159772377090
6857064032332759042
6857065623907074049
6857065623907188737
6857065973854584834
6857066074643742722
6857065314318155777
6857068410304561153
6857061364093452289
6857063635677495298
6857064051660439553
6857065314317795329
6857066972216393730
6857066972216311810
6857065623907713025
6857065973855584258
6857066972217229314
6857067790051655682
6857068608557023233
6857068119828512770
6857062457183322113
6857066361433325570
6857067004281520130
6857065467578089473
6857065623908040705
6857065314318319617
6857067004282060802
6857066972216999938
6857066987224285185
6857067033781420033
6857067790051344386
6857063635676921858
6857064067417718785
6857064032332464130
6857064159773065218
6857066361433227266
6857064067421880321
6857064051660636161
6857066361433522178
6857067033780338689
6857066987223384065
6857066987223678977
6857065623907926017
6857059580364963841
6857061360846012417
6857062251183112194
6857061208853102593
6857064067417653249
6857063635677233154
6857062251184439298
6857063635678183426
6857067693309329410
6857066972217016322
6857067693309788162
6857067033781338113
6857069084740583425
6857069084740648961
6857062091225071617
6857061208853282817
6857068119828824066
6857068608557334529
6857069209160056833
6857069234678448130
6857065623908122625
6857067790051164162
6857067790051311618
6857067004282732546
6857066987224711169
6857068410304856065
6857068608556793857
6857062091225628673
6857062091225645057
6857064159771983874
6857064159773032450
6857060785958109186
6857059522684878849
6857059522684895233
6857061208852856833
6857061360846503937
6857060785958764546
6857062251184177154
6857062091226300417
6857063635677724674
6857064051660750849
6857065973854928898
6857064032333578242
6857067004281536514
6857065973855174658
6857065623908007937
6857067004282109954
6857065467578204161
6857067790051246082
6857067790051262466
6857067004282765314
6857064159772426242
6857065973854289922
6857062791582973954
6857065314317713409
6857065623907647489
6857066987223908353
6857066972216721410
6857067693309362178
6857063635677757442
6857064067421732865
6857064051660603393
6857067806882856962
6857066987224498177
6857067806883135490
6857060785958125570
6857059812403773441
6857065623907057665
6857066361433407490
6857067004281634818
6857067004282093570
6857065973855830018
6857066972217606146
6857066972217622530
6857062457183223809
6857062091226071041
6857062457183272961
6857063635677315074
6857064067417735169
6857064051659620353
6857062457183387649
6857064051659653121
6857062091226398721
6857064051660455937
6857066972216098818
6857066074643824642
6857067693309313026
6857068410304888833
6857062457183453185
6857064067417866241
6857063635677560834
6857062683335917569
6857064032332496898
6857066074644283394
6857067693310066690
6857061232601956353
6857061208853774337
6857064067417931777
6857062791582580738
6857067004281618434
6857066987223547905
6857066074644774914
6857067806882807810
6857066987224416257
6857067004282814466
6857069084740255745
6857067790051835906
6857061364093370369
6857062251184570370
6857063635678199810
6857066361433178114
6857066361433604098
6857067004281667586
6857066074644168706
6857066972216623106
6857066972216983554
6857068119828283394
6857068410304708609
6857067693310033922
6857062791582285826
6857062683336179713
6857064032333086722
6857065973854519298
6857067033780240385
6857065467577729025
6857067004281946114
6857066987223859201
6857067693309296642
6857065623908155393
6857065467578236929
6857067806883151874
6857067693310296066
6857067004283158530
6857062457183305729
6857065314316812289
6857065314316861441
6857064051659980801
6857065314317467649
6857065623907287041
6857066987224170497
6857068119828348930
6857068119828414466
6857067033781665793
6857062251183734786
6857059580364898305
6857059812403445761
6857069234678333442
6857069084740337665
6857069084740288513
6857069234678562818
6857069209160531969
6857066361433620482
6857067033780371457
6857065314318303233
6857066074644529154
6857066987224203265
6857068608557236225
6857068410305232897
6857067693310509058
6857067790051999746
6857067806883840002
6857060192708116481
6857060192708083713
6857059812403920897
6857060192708198401
6857062683334787073
6857068119829069826
6857059812403412993
6857067790052147202
6857067806883872770
6857062251183128578
6857060192708001793
6857062091225153537
6857061232601481217
6857061208853446657
6857069084740730881
6857067806883954690
6857067693310771202
6857067790052212738
6857059580365094913
6857062251183013890
6857060785958748162
6857062457182388225
6857061364093304833
6857069234678202370
6857067806883807234
6857066074644643842
6857066074644611074
6857067790051016706
6857066987224236033
6857067004282585090
6857067806882938882
6857068410304757761
6857061232601317377
6857062457182158849
6857065314316779521
6857064159772622850
6857065467577712641
6857067004282028034
6857066972216655874
6857067693309624322
6857068410304593921
6857066987224743937
6857061360845996033
6857067806882611202
6857067790051065858
6857067806883086338
6857067004282961922
6857068608557170689
6857064067417751553
6857065467576664065
6857064051660292097
6857066074643595266
6857064159773212674
6857065314317697025
6857067806883512322
6857069233747197953
6857067693310607362
6857069084740599809
6857068608557301761
6857067806883610626
6857068410305347585
6857066074644381698
6857065623908073473
6857067693309231106
6857065973855535106
6857067004282388482
6857068119828152322
6857068608557285377
6857067806883594242
6857067693310722050
6857069084740747265
6857062091225776129
6857066074643808258
6857067033780928513
6857066074644758530
6857067004282421250
6857067806882824194
6857067004282634242
6857067033781485569
6857066987224793089
6857062683335753729
6857062683336130561
6857062791582629890
6857062683336212481
6857064032333168642
6857064067422027777
6857064032333496322
6857067033780420609
6857066361433718786
6857064159772065794
6857064159772655618
6857065973854486530
6857065623907909633
6857066987223646209
6857065314318286849
6857067693309804546
6857067806883168258
6857068608556924929
6857067806883332098
6857066987224825857
6857067693310181378
6857059812403462145
6857064051659767809
6857062457183502337
6857062683335901185
6857064032333103106
6857064067422076929
6857065467578122241
6857067033781141505
6857059812403494913
6857061364092764161
6857069234678218754
6857067806883823618
6857067693310656514
6857061232601513985
6857065314317238273
6857066074643431426
6857065467577057281
6857065973854683138
6857064159773294594
6857064032333529090
6857066972216131586
6857065973854994434
6857066972216197122
6857066987223252993
6857065314317811713
6857064159772409858
6857065623907532801
6857065467577532417
6857066987223269377
6857065467577581569
6857066074643972098
6857067004281552898
6857067693309509634
6857066361434718210
6857066972217327618
6857066987224596481
6857066972217360386
6857067693310132226
6857067693310148610
6857062251183915010
6857061360847159297
6857062251184209922
6857062791582793730
6857064159772639234
6857064051660193793
6857065314317271041
6857065314317336577
6857064032333545474
6857065973854945282
6857066987223367681
6857066972216573954
6855585730421440514
6857065973855895554
6857067806883233794
6857067790051475458
6857067033781600257
6857069233747066881
6857065973855813634
6857067004282339330
6857067693309558786
6857066074644791298
6857061364092878849
6857062251184160770
6857062251184422914
6857062091226382337
6857065623907565569
6857062791581827074
6857062091226152961
6857062091226365953
6857066074643415042
6857065314317664257
6857064159773163522
6857066074643759106
6857065314317975553
6857066074644037634
6857061364092485633
6846681282605531137
6846652884051148802
6857064159772033026
6857064032332447746
6857065314316910593
6857064051660275713
6857065467577073665
6857064067421716481
6857065623907172353
6857066972216164354
6857065623908057089
6857066361434472450
6857066074644807682
6857067004282372098
6857067033781288961
6857068410304872449
6857064051659522049
6857062683335868417
6857065623906697217
6857064051660849153
6857065973854978050
6857067033780289537
6857066074644004866
6857065973855191042
6857066972216229890
6857061232602136577
6857062457182928897
6857062091226185729
6857065314317254657
6857064051660783617
6857065973855027202
6857062457182322689
6857059812403412993
6857059812403429377
6857059705191530497
6857061232601038849
6857061364092502017
6857069233747132417
6857068119828692994
6857069084740550657
6857068410305511425
6857059812403544065
6857062457182257153
6857061232601366529
6857061232601399297
6857061232601464833
6857061364092829697
6857062457182240769
6857062091225169921
6857062091225186305
6857068119829233666
6857066972216180738
6857065623907598337
6857066987223302145
6857065973855223810
6857065623907811329
6857067033780862977
6857065623908106241
6857067033781108737
6857067806882758658
6857066361434521602
6857067693309640706
6857066361434570754
6857068608556711937
6857068608556728321
6857066972217294850
6857067033781436417
6857068119828398082
6857066987224727553
6857064032332857346
6857064067421995009
6857067004281569282
6857067033780699137
6857067806882840578
6857060785958158338
6857059812403478529
6857061232601006081
6857059580365127681
6857060192708067329
6857061364092747777
6857061360846389249
6857060192708100097
6857061208853151745
6857059812403806209
6857060192708018177
6857061364092698625
6857061364092715009
6857066987223924737
6826627276860768258
6857067790051229698
6857067806883069954
6803256216816451586
6857067790051557378
6857067806883463170
6857060192707657729
6857063635676774402
6857061208853905409
6857064159772475394
6857065623907155969
6857064159773261826
6857066987223318529
6857064051659702273
6857065623906861057
6857066972216115202
6857061232601333761
6857059812403937281
6857061208853413889
6857060192707969025
6857061360846553089
6857061208853315585
6857062683334803457
6857059812403789825
6857060785958518786
6857061208853299201
6857067790052245506
6857069209160548353
6857068608557596673
6857059580364931073
6857062791582384130
6857065467577663489
6857065314317942785
6857066987223334913
6857065314317910017
6857067004282306562
6857068410304577537
6857068410304626689
6857068608556859393
6857066972217638914
6857067004282011650
6857066987224252417
6857068410304921601
6857067033781714945
6857061232601022465
6857067790052163586
6857069209160482817
6857068608557613057
6857059580364947457
6857059812403855361
6857069209160171521
6857067806883627010
6857069233747263489
6857068608557580289
6857062091224989697
6857062251183144962
6857062091225022465
6857069084740665345
6857069233747738625
6851462809500172292
6857069234678530050
6857067693310705666
6857069234678415362
6857065973855551490
6857067033781043201
6857066074645004290
6857068119828250626
6857068410304692225
6857066972217376770
6857068410304823297
6857064159772164098
6857064032332414978
6857065314317123585
6857065467577745409
6857066987224154113
6857067033781059585
6857065973855780866
6857067004282355714
6857067806882725890
6857066972217540610
6857068608557105153
6857067033781829633
6857069084740222977
6857062457183518721
6857065314317320193
6857065973854437378
6857063635678101506
6857064159772835842
6857064051660406785
6857065623907090433
6857065314317680641
6857065623907844097
6857066074643955714
6857067033780387841
6857067806883856386
6857068410305462273
6857062251183161346
6857062251183226882
6857059812403527681
6857062091224973313
6857062091225055233
6857060785958699010
6857059812403904513
6857061208853381121
6857069209160384513
6857068410305429505
6857067806883889154
6857067033780764673
6857066361434226690
6857067033780830209
6857067004282437634
6857066074644824066
6857067004281995266
6857067033780715521
6857066074644578306
6857067790050820098
6857067806883119106
6857066987224547329
6857067806883102722
6857064159772196866
6857066074643841026
6857065623907549185
6857066074643873794
6841818591857328129
6857065623908204545
6857066972216786946
6857067790051196930
6857068119828299778
6857068410304954369
6857062251184619522
6857064067421683713
6857059705191432193
6857061208852791297
6857060785958141954
6857066074644070402
6857067033780305921
6857066361434112002
6857066987223990273
6857066361434456066
6857067790051278850
6857067004282699778
6857066987224580097
6857063635677249538
6857062091226087425
6857063635677331458
6857064067418062849
6857064051659915265
6857062683336310785
6857062683336327169
6857065314317139969
6857064032332988418
6857065314317287425
6857067004282077186
6857067033780912129
6857066972216918018
6857066972217507842
6857067790051540994
6857067693310312450
6857064032332398594
6857063635677544450
6857064067417899009
6857065973854420994
6857065467577319425
6857065623907418113
6857062683335344129
6857064032332300290
6857065314316845057
6857064051660423169
6857064032333152258
6857066074643726338
6857064159773278210
6857060785958715394
6857062091225661441
6857066361434177538
6857067693309526018
6857067004282667010
6857067004282896386
6857063635676905474
6857062251184603138
6857065973854715906
6857064051660652545
6857067693309378562
6857067033781174273
6857068410304512001
6857067790052130818
6857067693310689282
6857069234678579202
6857069209160466433
6857061364092256257
6857068119829151746
6857060192708034561
6857069084740321281
6857069209160204289
6857069233747443713
6857069234678546434
6857067806884003842
6857068410305216513
6857069209160220673
6857069234678628354
6857068608557662209
6857067693310820354
6857070010754498561
6857068119828660226
6857069209160040449
6857067033781846017
6857069209160187905
6857068608557481985
6857068119828709378
6857068410305150977
6857069209160122369
6857069084740403201
6857069233747460097
6857062251183472642
6857067790051852290
6857068608557645825
6857069084740780033
6857069233747230721
6857062457183371265
6857062091226202113
6857066074643382274
6857066074643791874
6857065973854879746
6857066361433636866
6857064032332873730
6857066074643398658
6857066074643611650
6857060192707706881
6857061208852807681
6857061360846340097
6857062457182224385
6857060192708132865
6857062091225284609
6857062791581712386
6857059812403888129
6857062457182273537
6857062251183308802
6857060785958649858
6857062457182306305
6857062251183374338
6857061364092780545
6857062251183210498
6857060785958600706
6857060785958830082
6857062683334868993
6857062683335327745
6857062683336146945
6857067004281733122
6857065623907991553
6857065973855846402
6857066361434685442
6857067806883299330
6857068119828463618
6857061360847060993
6857064032332234754
6857064032332283906
6857062457183633409
6857065467576696833
6857063635678216194
6857065623907467265
6857065467577630721
6857066972216426498
6857065623907614721
6857067033780813825
6857067004282503170
6857068119828217858
6857066972217344002
6857067790051524610
6857061232601071617
6857060785958469634
6857066361433669634
6857066361434144770
6857066972217032706
6857067806882775042
6857066074644856834
6857067806882742274
6857066987224449025
6857068119828480002
6857063635678167042
6857065314318008321
6857066972216442882
6857065314318123009
6857068608557465601
6857067790052098050
6857065623908089857
6857067033781272577
6857066361434669058
6857067790051213314
6857066987224645633
6857066972217409538
6857067693310099458
6857067693310345218
6857062683335737345
6857062791582253058
6857062683335852033
6857064067418095617
6857061232601579521
6857059580365111297
6857060785958486018
6857062457182093313
6857062457183256577
6857064051659538433
6857062791582187522
6857064067417702401
6857064159772213250
6857064067418292225
6857064051660816385
6857065973854961666
6857065467577597953
6857066074643988482
6857067693309591554
6857067806882971650
6857068410304790529
6857067033781633025
6857066972217442306
6857067790051803138
6857062791582154754
6857064159771967490
6857064067417587713
6857062091226415105
6857064051659948033
6857065467576860673
6857065467576877057
6857066361434095618
6857066987223810049
6857065973855518722
6857067806882709506
6857066972217491458
6857067033781583873
6857067004283011074
6857066972217573378
6857061360847011841
6857062791581761538
6857063635677265922
6857062791582203906
6857062091226103809
6857064032332251138
6857063635677478914
6857064067417882625
6857063635677708290
6857065314317058049
6857062791582892034
6857066074643709954
6857064032333447170
6857065314318041089
6857066987224481793
6857067004282880002
6857066361433833474
6857067004281815042
6857066074644398082
6857065467578187777
6857065973855764482
6857068119827972098
6857066987224432641
6857068119828086786
6857066361434734594
6857068119828447234
6857060785958551554
6857061364092338177
6857067806883741698
6857068410305134593
6857068410305183745
6857068119828856834
6857067806883774466
6857068119828938754
6857067806883790850
6857069084740845569
6857061232601382913
6857069233747116033
6857068410305085441
6857069209160351745
6857067693310623746
6857067693310640130
6857067033781796865
6857069209160105985
6857061208853348353
6857069233747476481
6857069084740878337
6857067806883758082
6857069234678792194
6857062457182126081
6857062457182175233
6857061360846602241
6857069209160400897
6857068608557547521
6857068608557187073
6857069233747181569
6857069084740239361
6857069209160335361
6857068608557498369
6857068410305380353
6857069233747591169
6857067693310672898
6857069084740681729
6857068119829102594
6857067790052196354
6857068608557629441
6857067790052376578
6857067806883971074
6857067693310377986
6857068608557219841
6857068119828774914
6857067806883938306
6857067693310803970
6857069084740763649
6857061364093321217
6857063635677741058
6857065314317074433
6857065467577106433
6857064051660488705
6857065973854568450
6857069209160138753
6857069233747214337
6857068608557268993
6857067693310410754
6857069234678235138
6857068608557531137
6857069084740632577
6857068410305478657
6857068608557793281
6857060785958584322
6857061364093026305
6857062683335950337
6857062683336048641
6857064032333119490
6857065973854453762
6857063635678117890
6857064067422044161
6857066972216377346
6857060785958092802
6857062091226136577
6857064067417833473
6857062683335933953
6857065623907139585
6857064159772901378
6857063635678150658
6857064051660832769
6857067033780682753
6857066987224662017
6857069233747165185
6857069233747279873
6857067693310590978
6857068119828987906
6857067790052114434
6857069209160433665
6857069209160663041
6857068119829250050
6857067806884118530
6857066361433538562
6857065467577696257
6857066987223728129
6857065467578105857
6857066074644447234
6857065973855469570
6857067790050852866
6857066361434537986
6857066987224268801
6857066972217278466
6857067693309870082
6857067806883037186
6857067790051328002
6857067033781452801
6857066361434210306
6857066972217212930
6857067693309837314
6857068410304544769
6857068608556941313
6857069234678185986
6857066987223449601
6857065973855404034
6857065973855420418
6857067033780781057
6857065973855502338
6857066074644594690
6857067693309771778
6857068608556892161
6857067790051573762
6857067004282863618
6857066987224694785
6857066972216459266
6857067004281831426
6857066972216688642
6857067693309657090
6857068119828135938
6857068410304806913
6857068119828381698
6857064032332480514
6857062791582449666
6857063635677691906
6857064159772852226
6857065314317352961
6857064032333185026
6857067033780436993
6857066987223957505
6857066972217524226
6857067004282978306
6857068608556990465
6857064051659276289
6857062683335770113
6857062251184373762
6857066972216147970
6857065314317877249
6857066361433440258
6857065973855207426
6857066361434439682
6857067806882693122
6857067693309575170
6857066361434488834
6857066972217475074
6857064159772049410
6857064159772868610
6857066361433456642
6857065973855010818
6857066074644021250
6857066361434161154
6857067033780895745
6857067004282175490
6857066972216754178
6857067693309673474
6857068410304495617
6857066987224809473
6857062457183535105
6857062457183469569
6857065973854552066
6857062683335311361
6857065467577155585
6857066361433391106
6857065623907778561
6857065623907762177
6857066972216410114
6857065314318139393
6857066361434193922
6857066074644840450
6857067033781567489
6857065973855748098
6857067004282322946
6857067806882627586
6857066987224317953
6857068119828201474
6857068410304528385
6857067693309984770
6857060785958191106
6857062457182060545
6857064067417620481
6857064051659587585
6857059522684796929
6857062457182076929
6857069233747509249
6857069233747558401
6857068119829135362
6857059812403822593
6857064051659259905
6857064051659571201
6857062791582318594
6857062791582400514
6857064051660177409
6857064051660374017
6857065467578220545
6857067004282486786
6857068119828316162
6857067004282929154
6857067806883282946
6857067693310328834
6857061360846045185
6857062091224956929
6857062091225006081
6857060785958535170
6857061208852774913
6857061364092305409
6857061360846028801
6857061364092862465
6857059580364914689
6857068410305069057
6857067790051786754
6857069084740206593
6857068119828807682
6857069234678775810
6857069234678267906
6857068410305626113
6857062683336097793
6857065467577090049
6857066074643480578
6857065467577647105
6857065314317926401
6857065973855141890
6857066972216295426
6857065467577679873
6857066972216279042
6857065314318336001
6857067004282044418
6857067033780879361
6857068410304724993
6857068410304905217
6857062791581728770
6857061360846995457
6857062683335720961
6857064067417669633
6857062791582875650
6857066074643857410
6857066074644135938
6857065623907745793
6857066361433849858
6857065973855305730
6857066987223564289
6857066361433800706
6857065314317991937
6857062683335835649
6857064067421536257
6857064159772803074
6857064067421650945
6857064032332611586
6857066074644365314
6857060785958567938
6857061208853135361
6857061360846061569
6857060785958453250
6857061232601350145
6857061360846536705
6857062457182896129
6857062457182912513
6857064159772000258
6857064051660013569
6857064067421503489
6857066972216328194
6857068119829053442
6857068119829086210
6857069209160679425
6857066074644185090
6857064067417636865
6857065623906959361
6857064032333430786
6857069233747427329
6857069234678661122
6857066987223416833
6857065314318090241
6857066987224465409
6857066361434701826
6857067806882988034
6857064032332627970
6857064159772393474
6857052680789377026
6857063635677872130
6857067033780355073
6857066074644086786
6857059580364816385
6857066074644496386
6857066987223875585
6857067033780797441
6857067693309247490
6857066972217196546
6857067033781321729
6857067790051622914
6857067004283043842
6857066361433686018
6857066074644463618
6857065973855485954
6857066972216737794
6857066987224301569
6857068410304741377
6857068608556826625
6857067033781551105
6857066074644545538
6857065623908171777
6857066987224219649
6857067790051049474
6857066972217131010
6857067790051147778
6857068119828070402
6857067806882955266
6857066972217262082
6857067004282683394
6857067033781354497
6857066972217393154
6857068608556810241
6857067693310017538
6857067790051590146
6857066361433735170
6857065467578040321
6857065314318270465
6857067693309263874
6857066987223973889
6857067693309394946
6857067004282454018
6857068119827988482
6857067806882922498
6857066361434652674
6857067004282748930
6857068119828234242
6857067790051393538
6857061232601726977
6857062091225104385
6857060785958682626
6857062251183276034
6857062251183341570
6857066972216934402
6857067806882643970
6857066987224186881
6857067033781092353
6857067693309607938
6857067693310001154
6857067033781534721
6857062791582269442
6857064051659931649
6857065467577270273
6857067033780748289
6857067033780846593
6857066987223941121
6857068119828119554
6857066987224514561
6857068410304643073
6857068608556843009
6857067693310050306
6857065314317303809
6857066361433473026
6857062091225120769
6857066361434079234
6857067004281962498
6856376469770436611
6857067004282142722
6857066361434259458
6857067790051082242
6857068119828267010
6857068608556875777
6857061232602120193
6857062251184406530
6857064032332431362
6857062791582547970
6857064032332693506
6857064051660029953
6857064032333135874
6857064159773179906
6857065973855043586
6857059812403707905
6857065973855567874
6857066074644987906
6857067033781305345
6857066972217311234
6857067033781403649
6857068119828430850
6857066987224760321
6857067033781813249
6857067806883495938
6857069234678251522
6857069084740304897
6857067806883643394
6857067790052016130
6857068410305036289
6857067806883561474
6857069084740435969
6857068119828594690
6857068119828643842
6857068410305118209
6857068119828742146
6857067790051917826
6857061364092682241
6857061360846323713
6857059812403970049
6857062683334754305
6857060192707674113
6857061364092289025
6857061208853200897
6857059812403740673
6857061360846356481
6857062457182142465
6857062457182191617
6857069233747247105
6857068608557350913
6857069084740468737
6857067790051885058
6857069209160089601
6857067806883528706
6857069233747410945
6857068410304774145
6857067790051459074
6857067790051491842
6857067693310214146
6857067693310361602
6857067693310427138
6857067790052065282
6857069084740616193
6857069234678611970
6857060785958174722
6857061208852824065
6857059705191481345
6857061360846471169
6857062091225268225
6857069209160302593
6857069209160368129
6857067693310738434
6857062091225088001
6857062091225219073
6857061364093239297
6857069084740370433
6857068119828791298
6857062091224940545
6857062251183095810
6857061232601563137
6857059580365078529
6857061360846405633
6857068608557006849
6857067033781698561
6857067033781813249
6857068119828758530
6857069209160155137
6857068410305413121
6857068608557563905
6857064067417325569
6857062091226169345
6857064051659751425
6857062457183485953
6857062091226333185
6857065623906680833
6857062791582597122
6857064067421749249
6857064032333217794
6857064159772934146
6857064067422011393
6857065467577614337
6857067033780273153
6857064051659800577
6857065973854470146
6857066074643464194
6857065467577417729
6857064032333561858
6857065314317778945
6857065623907631105
6857061364092321793
6857059705191464961
6857061364092846081
6857062457182289921
6857061208852840449
6857060785958273026
6857060785958502402
6857062091225137153
6857061232601530369
6857061360846487553
6857061364092665857
6857060192708149249
6857061208853217281
6857067806883659778
6857069233747378177
6857069233747296257
6857067806883987458
6857069234678644738
6857062251183751170
6857062457182355457
6857059522684813313
6857065973855109122
6857065467578171393
6857068119828332546
6857065467577925633
6857066972217180162
6857066972217245698
6857067790051426306
6857066987224678401
6857067033781616641
6857067004282945538
6857066972217556994
6851519969940357122
6857066972217589762
6857067033781682177
6857067790051033090
6857065973855862786
6857067033781387265
6857067004282781698
6857067693309886466
6857060785958617090
6857061208853233665
6857067806883545090
6857061232601989121
6857062791582564354
6857065623907303425
6857065623907680257
6857065973855059970
6857066987223695361
6857067033780731905
6857066361434128386
6857066987224137729
6857068119828103170
6857067693309820930
6857068608556777473
6857066987224776705
